0,455
0,454
43,57
43,56
43,55
43,54
43,53
43,52
43,51
43,50
43,49
43,48
43,47
43,46
43,45
43,44
43,43
43,42
43,41
43,40
43,39
43,38
43,37
43,36
43,35
0,453
0,452
0,451
0,450
0,449
0,448
0,447
3,2
3,1
3,3
10,32
10,250
10,190
10,20
10,216
10,1
10,140
10,2
10,3
11,14
11,8
11,28
11,20
11,4
11,1
11,16
11,2
11,3
9,7
9,6
9,1
9,4
9,2
9,3
8,7
8,4
8,15
8,1
8,18
8,2
8,3
12,2
12,1
12,3
20,2
20,1
20,3
19,2
19,1
19,3
18,1
18,3
14,1
42,3
42,2
42,1
14,3
42,0
41,3
41,2
41,1
13,1
41,0
40,3
40,2
40,1
13,3
40,0
39,3
39,2
39,1
39,0
38,3
38,2
38,1
38,0
37,3
37,2
